0 0.6875 0.2239371428618504 0.1203125 0.06303756249917622
0 0.665625 0.15166272240715517 0.121875 0.07243983603812651
0 0.4765625 0.0252243222417041 0.109375 0.0504486444834082
0 0.55546875 0.30905425690315413 0.1046875 0.056514827109672795
0 0.32421875 0.21934074066780446 0.1046875 0.05963982710967279
0 0.1859375 0.17175444886490956 0.096875 0.05950345941492108
0 0.19765625 0.22701864732278199 0.0859375 0.0499375446422687
0 0.19453125 0.41066694440068263 0.08125 0.051418224025417555
0 0.31484375 0.5062231319015065 0.0953125 0.0626011858759707
0 0.115625 0.4870442581176748 0.1046875 0.05963982710967279
0 0.0671875 0.6746084878251354 0.1171875 0.06298301542127546
0 0.6546875 0.6666973871798076 0.1078125 0.059694374187573375
0 0.52734375 0.6697014306042602 0.109375 0.06440914772652384
0 0.39375 0.7501583181845144 0.1 0.07205800649282175
0 0.30078125 0.9181873437520596 0.1 0.05643300649282175
0 0.1671875 0.9127067313323136 0.090625 0.05626936525911965
1 0.43671875 0.7962832958633801 0.090625 0.05001936525911965