0 0.6875979737400411 0.27062956285855366 0.12525606426490726 0.06824919396136267
0 0.6694222867513071 0.19624599296617745 0.12557431301126593 0.07918669396136276
0 0.4859913242940371 0.04766929011347458 0.11239235141192587 0.05516699710451587
0 0.5478020363555958 0.34313164743323815 0.10632420783841638 0.061125898676092486
0 0.31877141739269266 0.22919961827801832 0.10636967194503918 0.06268839867609248
0 0.18210414317779788 0.16729031554914994 0.10021060015828454 0.06552230024766903
0 0.18984243533938136 0.22397696319178512 0.08895485141192579 0.054075377997927984
0 0.17581572459797096 0.41029545285270286 0.08431281551854845 0.055419554176610396
0 0.29154236150756263 0.519732572992748 0.09708560015828453 0.0653767510334573
0 0.09010789364001628 0.4790582613725395 0.10958560015828459 0.06595894789030403
0 0.04394125046221841 0.6641930866415992 0.08788250092443682 0.06588617328319835
0 0.6253764892459543 0.7152121627347191 0.1094946719450391 0.0628339478903042
0 0.49575718540588837 0.7068281203449329 0.11280152837152997 0.06922949710451576
0 0.35453514034131095 0.7745699303125116 0.103699313011266 0.07816784946188057
0 0.2505199270926181 0.9347924927612897 0.10319920783841656 0.06098034946188093
0 0.11570465789228826 0.916778739246633 0.09382420783841652 0.06054370181924575
1 0.3960490389293852 0.8265712320079228 0.09359688730530306 0.0527312018192454