0 0.2590973024392215 0.6085815411572872 0.049384930307219396 0.07433161465389268
0 0.5050918487183572 0.6409690745126582 0.048948420688572546 0.06183161465389251
0 0.5893577213136955 0.6422659808896649 0.05078373920022674 0.06972600180902226
0 0.7853522675928313 0.6720331252808838 0.0567063569862416 0.06067855042954129
0 0.7390675446346732 0.6641487042045562 0.03946429328391084 0.05821529172311415
1 0.03832101096940922 0.5837542022839921 0.036121038474587384 0.05180151741285464
1 0.16022329282057463 0.5909226503841127 0.02858135698624169 0.059204581637205676
1 0.18982894726707836 0.5901347563315781 0.03779266587924912 0.05500840456798421
1 0.39921387095087574 0.6237229415414 0.045714293283910835 0.058542840343633176
1 0.6550372850160263 0.6472677414051144 0.036121038474587405 0.05180151741285464
1 0.948742644997493 0.683715332991943 0.0379563569862416 0.059695904567984216