0 0.5895782916993652 0.2424396202830513 0.1641654515702104 0.1156203029821361
0 0.6588213513454189 0.49923753807145543 0.15001202335696498 0.11208612602253218
0 0.6877038354437942 0.7931777546853607 0.1405460951437197 0.10868834138279589
0 0.7611376722742437 0.6565522814075377 0.09088106426490725 0.06509145407749273
0 0.7094411284633075 0.5728281507661522 0.0958413489046432 0.07460284639736088
1 0.7623341109123303 0.7245437634608491 0.1117391335443795 0.0844324874635877
1 0.5968619427947217 0.17029183564331518 0.1386653463973609 0.09770537727617326
0 0.731215525402029 0.38062627890025535 0.04644910266556703 0.040380959092057724
0 0.6809534494586392 0.26558395209893576 0.049483174452321775 0.03734688730530315
0 0.7566032849689405 0.6082057096207831 0.062210494985435 0.045523100158284535
0 0.8275164932030684 0.814912699195942 0.04148881802583091 0.030869566772189928