0 0.21015625 0.24453125 0.109375 0.15625
0 0.4890625 0.2109375 0.0734375 0.1109375
0 0.5140625 0.36953125 0.090625 0.1453125
0 0.69765625 0.17890625 0.0640625 0.090625
0 0.846875 0.3421875 0.08125 0.13125
0 0.9453125 0.27109375 0.0734375 0.096875
0 0.98125 0.2140625 0.0375 0.08125
0 0.94765625 0.171875 0.05 0.084375
0 0.99375 0.1640625 0.0125 0.0625
0 0.6953125 0.17890625 0.0703125 0.0890625
0 0.66875 0.10234375 0.0296875 0.06875
0 0.875 0.15 0.03125 0.05625
0 0.84921875 0.1 0.03125 0.0546875
0 0.82421875 0.0921875 0.0375 0.059375
0 0.7859375 0.07421875 0.028125 0.0484375
0 0.76875 0.05546875 0.028125 0.0359375
1 0.59140625 0.0421875 0.025 0.0390625
0 0.65390625 0.03359375 0.0296875 0.034375
0 0.68203125 0.04375 0.0203125 0.04375