2 0.109375 0.7859375 0.16015625 0.20234375
2 0.31015625 0.790625 0.17890625 0.22265625
2 0.50078125 0.7921875 0.18984375 0.190625
2 0.69296875 0.80234375 0.18125 0.09921875
2 0.88203125 0.790625 0.18125 0.12890625
2 0.88359375 0.46875 0.17890625 0.1578125
2 0.69375 0.46953125 0.1625 0.26015625
2 0.503125 0.46953125 0.17734375 0.23125
2 0.30859375 0.47578125 0.16640625 0.22578125
2 0.11640625 0.47265625 0.1625 0.2546875
2 0.88671875 0.17421875 0.18515625 0.2546875
2 0.690625 0.1640625 0.18125 0.2515625
2 0.48984375 0.18125 0.16640625 0.1875
2 0.30078125 0.1640625 0.16875 0.24609375
2 0.10703125 0.14609375 0.16015625 0.275