1 0.18629807692307693 0.2932692307692308 0.0546875 0.09615384615384616
1 0.3713942307692308 0.28846153846153844 0.040865384615384616 0.08653846153846154
1 0.4699519230769231 0.2956730769230769 0.049879807692307696 0.10576923076923077
1 0.5853365384615384 0.21153846153846154 0.052884615384615384 0.09495192307692307
1 0.7391826923076923 0.3161057692307692 0.04146634615384615 0.09134615384615384
1 0.8425480769230769 0.296875 0.052884615384615384 0.09314903846153846
1 0.7055288461538461 0.25600961538461536 0.045072115384615384 0.07872596153846154
1 0.35697115384615385 0.21033653846153846 0.03665865384615385 0.08173076923076923
0 0.4026442307692308 0.19831730769230768 0.03545673076923077 0.059495192307692304
0 0.6334134615384616 0.22596153846153846 0.021033653846153848 0.08233173076923077
0 0.7632211538461539 0.25600961538461536 0.031850961538461536 0.08653846153846154