1 0.18629807692307693 0.2932692307692308 0.054086538461538464 0.09615384615384616
1 0.3713942307692308 0.28846153846153844 0.040865384615384616 0.08653846153846154
1 0.4699519230769231 0.2956730769230769 0.04927884615384615 0.10576923076923077
1 0.5853365384615384 0.21153846153846154 0.052884615384615384 0.09375
1 0.7391826923076923 0.3161057692307692 0.042067307692307696 0.09134615384615384
1 0.8425480769230769 0.296875 0.052884615384615384 0.09254807692307693
1 0.7055288461538461 0.25600961538461536 0.04447115384615385 0.078125
1 0.35697115384615385 0.21033653846153846 0.037259615384615384 0.08173076923076923
0 0.4026442307692308 0.19831730769230768 0.03485576923076923 0.05889423076923077
0 0.6334134615384616 0.22596153846153846 0.020432692307692308 0.0829326923076923
0 0.7632211538461539 0.25600961538461536 0.03245192307692308 0.08653846153846154