1 0.6670673076923077 0.22235576923076922 0.051682692307692304 0.15144230769230768
1 0.45552884615384615 0.2439903846153846 0.039663461538461536 0.11778846153846154
1 0.2608173076923077 0.22355769230769232 0.04927884615384615 0.11778846153846154
1 0.11538461538461539 0.2512019230769231 0.03245192307692308 0.11658653846153846
1 0.8461538461538461 0.29086538461538464 0.038461538461538464 0.078125
1 0.7524038461538461 0.3016826923076923 0.038461538461538464 0.08533653846153846
1 0.6129807692307693 0.2620192307692308 0.037259615384615384 0.0829326923076923
1 0.5192307692307693 0.31009615384615385 0.04927884615384615 0.09975961538461539
1 0.32572115384615385 0.28846153846153844 0.030048076923076924 0.08774038461538461
1 0.3581730769230769 0.28125 0.037259615384615384 0.09615384615384616
1 0.2932692307692308 0.27524038461538464 0.03125 0.07572115384615384