0 0.1453125 0.346875 0.109375 0.15625
0 0.4 0.22890625 0.0734375 0.1109375
0 0.4734375 0.37109375 0.090625 0.1453125
0 0.5890625 0.1328125 0.0640625 0.090625
0 0.78125 0.24296875 0.08125 0.13125
0 0.85234375 0.14453125 0.0734375 0.096875
0 0.878125 0.07734375 0.0546875 0.08125
0 0.82421875 0.05 0.05 0.084375
0 0.878125 0.02734375 0.0375 0.0546875
0 0.58671875 0.134375 0.0703125 0.0890625
0 0.5375 0.06953125 0.0296875 0.06875
0 0.7484375 0.05078125 0.03125 0.05625
0 0.7078125 0.01953125 0.03125 0.0390625
0 0.68125 0.02109375 0.0375 0.0421875
0 0.6390625 0.01484375 0.028125 0.0296875
0 0.61875 0.00546875 0.028125 0.0109375
1 0.4453125 0.03671875 0.025 0.0390625
0 0.50234375 0.01328125 0.0296875 0.0265625
0 0.53203125 0.015625 0.0203125 0.03125