0 0.06953125 0.39765625 0.1078125 0.12265625
0 0.29140625 0.25390625 0.07734375 0.08828125
0 0.14140625 0.25546875 0.05625 0.0765625
0 0.61796875 0.2359375 0.09140625 0.18515625
0 0.67890625 0.15625 0.08984375 0.0828125
0 0.0546875 0.26015625 0.040625 0.0578125
0 0.346875 0.1765625 0.03046875 0.04375
0 0.44140625 0.175 0.0453125 0.059375
0 0.925 0.0390625 0.034375 0.05078125
0 0.82734375 0.04296875 0.021875 0.04375
0 0.22265625 0.18515625 0.021875 0.0375
0 0.403125 0.14921875 0.01953125 0.04609375