0 0.1734375 0.29296875 0.08828125 0.14375
0 0.44375 0.21640625 0.05859375 0.10234375
0 0.49375 0.36875 0.0703125 0.13671875
0 0.6453125 0.1515625 0.0515625 0.084375
0 0.81796875 0.28984375 0.0625 0.1234375
0 0.90390625 0.20390625 0.0609375 0.0890625
0 0.93984375 0.14140625 0.04375 0.075
0 0.890625 0.10625 0.0375 0.07890625
0 0.9484375 0.0890625 0.02890625 0.059375
0 0.64296875 0.15234375 0.0578125 0.08125
0 0.6046875 0.08046875 0.0203125 0.065625
0 0.815625 0.0953125 0.02265625 0.05390625
0 0.78203125 0.05 0.02421875 0.0515625
0 0.75625 0.046875 0.02890625 0.05625
0 0.715625 0.034375 0.02109375 0.04609375
0 0.69609375 0.01875 0.02265625 0.0328125
1 0.51875 0.03359375 0.01953125 0.03671875
0 0.57890625 0.015625 0.02578125 0.03046875
0 0.60859375 0.02109375 0.0140625 0.0421875