0 0.884375 0.14793729910979087 0.221875 0.29587459821958173
0 0.90390625 0.6342222577172283 0.1921875 0.2627296452908919
0 0.56015625 0.4855349362863032 0.2890625 0.26910810470581287
2 0.7625 0.664034262992234 0.3484375 0.10139449918592583
2 0.76015625 0.1453251733006596 0.3265625 0.11507516964062106
2 0.79453125 0.22675640544375214 0.334375 0.09958653733537277
2 0.65703125 0.32212522687138206 0.3109375 0.12261493425111762
2 0.57109375 0.03701125608907995 0.3140625 0.0740225121781599
2 0.43671875 0.23065829586337996 0.3203125 0.09621607548481972
2 0.27109375 0.16714304099211602 0.2546875 0.08100808684890541
2 0.24375 0.23871407792374696 0.2046875 0.08013533360249454
2 0.31171875 0.39768392897940713 0.315625 0.10707175486796867
2 0.44296875 0.4946117017075786 0.3390625 0.11841835795222373
2 0.18515625 0.4944243356343847 0.24375 0.10269217207625303
2 0.171875 0.6696561607154626 0.3296875 0.13700471671852163
2 0.52890625 0.79701790706531 0.2640625 0.08117172808260734
2 0.48515625 0.7477815661559195 0.3046875 0.08188084009531629
2 0.61328125 0.6807013859619916 0.2890625 0.10348310470581304
2 0.4078125 0.8991316063339614 0.3203125 0.1024660754848199
2 0.2125 0.9095720487027539 0.190625 0.0814523717519414
3 0.6875 0.2239371428618504 0.1203125 0.06303756249917622
3 0.665625 0.15166272240715517 0.121875 0.07243983603812651
3 0.4765625 0.0252243222417041 0.109375 0.0504486444834082
3 0.55546875 0.30905425690315413 0.1046875 0.056514827109672795
3 0.32421875 0.21934074066780446 0.1046875 0.05963982710967279
3 0.1859375 0.17175444886490956 0.096875 0.05950345941492108
3 0.19765625 0.22701864732278199 0.0859375 0.0499375446422687
3 0.19453125 0.41066694440068263 0.08125 0.051418224025417555
3 0.31484375 0.5062231319015065 0.0953125 0.0626011858759707
3 0.115625 0.4870442581176748 0.1046875 0.05963982710967279
3 0.0671875 0.6746084878251354 0.1171875 0.06298301542127546
3 0.6546875 0.6666973871798076 0.1078125 0.059694374187573375
3 0.52734375 0.6697014306042602 0.109375 0.06440914772652384
3 0.39375 0.7501583181845144 0.1 0.07205800649282175
3 0.30078125 0.9181873437520596 0.1 0.05643300649282175
3 0.1671875 0.9127067313323136 0.090625 0.05626936525911965
1 0.43671875 0.7962832958633801 0.090625 0.05001936525911965