0 0.840625 0.89140625 0.3109375 0.2171875
0 0.3421875 0.90390625 0.25625 0.1921875
0 0.50390625 0.56015625 0.259375 0.28359375
2 0.31796875 0.759375 0.0890625 0.34765625
2 0.83671875 0.76640625 0.103125 0.32578125
2 0.75390625 0.79921875 0.0875 0.3328125
2 0.66328125 0.66015625 0.11171875 0.31015625
2 0.959375 0.5796875 0.08125 0.31171875
2 0.7625 0.44140625 0.084375 0.31953125
2 0.83203125 0.2765625 0.07265625 0.25234375
2 0.76171875 0.2484375 0.0734375 0.203125
2 0.6 0.31328125 0.096875 0.3140625
2 0.4984375 0.44296875 0.10703125 0.33828125
2 0.5078125 0.18515625 0.09453125 0.2421875
2 0.3328125 0.16875 0.12421875 0.328125
2 0.19296875 0.5234375 0.07265625 0.26328125
2 0.24375 0.48046875 0.07109375 0.30234375
2 0.30703125 0.61015625 0.09453125 0.28828125
2 0.0953125 0.40078125 0.090625 0.31953125
2 0.0921875 0.20546875 0.075 0.1890625
3 0.7609375 0.6921875 0.06015625 0.11953125
3 0.83359375 0.67109375 0.06953125 0.1203125
3 0.97109375 0.48515625 0.0578125 0.1078125
3 0.68046875 0.55859375 0.05390625 0.10234375
3 0.778125 0.32890625 0.05625 0.10234375
3 0.83046875 0.19140625 0.05703125 0.0953125
3 0.775 0.20234375 0.04765625 0.084375
3 0.59140625 0.19609375 0.0484375 0.0796875
3 0.49140625 0.31484375 0.05859375 0.09296875
3 0.51796875 0.115625 0.05703125 0.10390625
3 0.33203125 0.0640625 0.06015625 0.115625
3 0.31953125 0.6515625 0.05546875 0.10546875
3 0.3203125 0.52421875 0.0609375 0.1078125
3 0.24453125 0.3890625 0.06953125 0.0984375
3 0.08046875 0.29375 0.053125 0.0984375
3 0.090625 0.16015625 0.05390625 0.0890625
1 0.196875 0.43125 0.04609375 0.0890625