0 0.8874592329112412 0.2040543006574446 0.22480874953778168 0.32566789578060834
0 0.8813908085254265 0.7083608109965267 0.2045129699126104 0.27166960049533806
0 0.5410111640939874 0.5227463728261323 0.3015243622324785 0.2808691261359012
2 0.7354190789793976 0.7242490225356821 0.35750627461060613 0.11339483581302971
2 0.7671467329112411 0.19845065591029357 0.3360404515702104 0.12643849131354762
2 0.7959189391003051 0.2850623980524107 0.3418358105039836 0.11110458974197109
2 0.6511172529695008 0.3682836588057777 0.3206427721033238 0.13352324524248899
2 0.5800679332278103 0.06769715384337896 0.3211141335443795 0.0960960198495949
2 0.43306959811322054 0.2532985519002989 0.32919941818411547 0.10583489288512418
2 0.2688228931777979 0.17132930624352505 0.26013116943775677 0.09169531017246646
2 0.23628552632646588 0.24100395140496084 0.21008570533113408 0.08780402274507901
2 0.29474758102446164 0.40957632299274804 0.3233585951437196 0.11960629445670072
2 0.4213662538274307 0.5210853653825342 0.34867684389007836 0.13170818817039454
2 0.15927543078703482 0.49479673138875013 0.2513926669304743 0.11313366252983137
2 0.1514726056350679 0.6707406472283504 0.3029452112701358 0.14773129445670072
2 0.4888813966095172 0.8355888211307212 0.27102320533113405 0.09064223242220741
2 0.4474129621280657 0.7820250194353101 0.31160274122451137 0.09097187220695968
2 0.5828252763929729 0.7257472483428609 0.29826766693047413 0.1153169007430069
2 0.3602586399455996 0.9273867152586996 0.32942673871722883 0.11364739288512418
2 0.1618438719989109 0.9173630901562557 0.19602320533113407 0.08714905128112634
3 0.6875979737400411 0.27062956285855366 0.12525606426490726 0.06824919396136267
3 0.6694222867513071 0.19624599296617745 0.12557431301126593 0.07918669396136276
3 0.4859913242940371 0.04766929011347458 0.11239235141192587 0.05516699710451587
3 0.5478020363555958 0.34313164743323815 0.10632420783841638 0.061125898676092486
3 0.31877141739269266 0.22919961827801832 0.10636967194503918 0.06268839867609248
3 0.18210414317779788 0.16729031554914994 0.10021060015828454 0.06552230024766903
3 0.18984243533938136 0.22397696319178512 0.08895485141192579 0.054075377997927984
3 0.17581572459797096 0.41029545285270286 0.08431281551854845 0.055419554176610396
3 0.29154236150756263 0.519732572992748 0.09708560015828453 0.0653767510334573
3 0.09010789364001628 0.4790582613725395 0.10958560015828459 0.06595894789030403
3 0.04394125046221841 0.6641930866415992 0.08788250092443682 0.06588617328319835
3 0.6253764892459543 0.7152121627347191 0.1094946719450391 0.0628339478903042
3 0.49575718540588837 0.7068281203449329 0.11280152837152997 0.06922949710451576
3 0.35453514034131095 0.7745699303125116 0.103699313011266 0.07816784946188057
3 0.2505199270926181 0.9347924927612897 0.10319920783841656 0.06098034946188093
3 0.11570465789228826 0.916778739246633 0.09382420783841652 0.06054370181924575
1 0.3960490389293852 0.8265712320079228 0.09359688730530306 0.0527312018192454