0 0.3281144897464633 0.805787954329481 0.5218214996072166 0.26240208957351285
0 0.21216119505790282 0.48012435811666876 0.42015900565734077 0.2446237162333375
0 0.2525746551429203 0.9799738463110079 0.2971113493360701 0.04005230737798406
0 0.778090201206223 0.8984794483775526 0.44381959758755407 0.20304110324489494
0 0.7566656948615111 0.6129753030763757 0.4074590177575891 0.21017599336070064
0 0.5156679901392468 0.5475128877781146 0.46536242134838535 0.2261373366466465
0 0.5217896833504378 0.25693333957351266 0.38082379488495216 0.19752145725634715
0 0.5348613342107595 0.08670265280522926 0.4040976684215192 0.16953281264254136
0 0.14770676785578501 0.14382324375348407 0.29495901775758915 0.20952148750696814
2 0.2534810866466465 0.46552150263227865 0.23699198165323568 0.18262264422102223
2 0.17645848175143153 0.11742891539645699 0.1961760841125637 0.1495737948849522
2 0.07657211123992674 0.13637838241536146 0.15236245159900635 0.13838176483072293
2 0.3640474445669235 0.8052157825883122 0.2869919816532356 0.18291353571156996
2 0.8317167335981432 0.8907462999531177 0.3040976684215192 0.16895102966144576
2 0.7683980804001306 0.6153872307694728 0.22273858411256367 0.14972833098930566
2 0.856597517168414 0.6018383360574713 0.1461124515990065 0.13834540339440443
2 0.5796123154712117 0.527573092500379 0.2743283551898026 0.15471581283893307
2 0.5395766261688456 0.2257878787029283 0.22259313836728972 0.12472833098930573
2 0.6130323068870048 0.22934012557967032 0.1522897287263696 0.1258817648307229
2 0.583998270979043 0.07292649911623722 0.258621541958086 0.14056240924813695
3 0.20671360831306052 0.08088742739850954 0.09729315651766238 0.0724386022629363
3 0.3048617794650541 0.434571484481906 0.09574883723582168 0.07555451190385672
3 0.6622066468533009 0.49055488153159865 0.09414997579950324 0.06929542154477701
3 0.8947924087571575 0.5872172998549219 0.07063066256778683 0.05509656615858276
3 0.44436165846257003 0.7791214360809123 0.0988920179539809 0.07869769262201594
3 0.9474099112912404 0.9031377365250094 0.08780907220870696 0.05363406010845857
3 0.622234590064492 0.19970716773414804 0.07531816256778665 0.055123837235821635
3 0.6472800418598901 0.20766511347942193 0.07218407220870696 0.05354315651766237
3 0.6470022650271147 0.025638408658961737 0.08775453005422928 0.04425906010845859
1 0.10444712636523726 0.09357325887879457 0.08155907220870699 0.05359769867214013
1 0.8488077430661131 0.6056991342620732 0.07690793364502539 0.05982042759490121