0 0.74296875 0.71640625 0.15 0.47265625
0 0.41796875 0.78359375 0.14921875 0.4265625
0 0.95 0.846875 0.1 0.30546875
0 0.93046875 0.31484375 0.13671875 0.4125
0 0.646875 0.2796875 0.121875 0.3671875
0 0.540625 0.48984375 0.12734375 0.421875
0 0.27265625 0.425 0.11484375 0.34296875
0 0.09296875 0.3734375 0.1375 0.3625
0 0.07578125 0.809375 0.1515625 0.38125
2 0.41484375 0.7171875 0.13203125 0.2
2 0.07421875 0.71796875 0.11328125 0.1671875
2 0.06328125 0.83515625 0.11484375 0.16875
2 0.75 0.68359375 0.121875 0.25234375
2 0.93046875 0.26640625 0.12578125 0.27109375
2 0.6515625 0.26953125 0.103125 0.1921875
2 0.65625 0.18515625 0.1078125 0.11953125
2 0.534375 0.42734375 0.09609375 0.24453125
2 0.24765625 0.40234375 0.07734375 0.1984375
2 0.26484375 0.33515625 0.09296875 0.1265625
2 0.096875 0.32734375 0.1265625 0.2234375
3 0.05 0.68203125 0.0515625 0.08203125
3 0.3953125 0.66328125 0.05546875 0.07890625
3 0.51640625 0.3421875 0.05078125 0.0796875
3 0.65 0.14609375 0.040625 0.059375
3 0.740625 0.603125 0.0578125 0.08203125
3 0.9609375 0.1625 0.05 0.07734375
3 0.2390625 0.32109375 0.03828125 0.0640625
3 0.25078125 0.2984375 0.0375 0.0609375
3 0.0734375 0.259375 0.046875 0.075
1 0.03828125 0.78046875 0.0453125 0.07109375
1 0.6578125 0.1921875 0.04296875 0.06484375