0 0.7483944189444813 0.6854844959362196 0.24985037427387446 0.5039546631477994
0 0.42685755914351836 0.7851267966708636 0.23749161538253424 0.42974640665827285
0 0.9313460060003653 0.7864135706102605 0.08054379445670072 0.3214579886359143
0 0.8880842351128038 0.25475842166592066 0.21241884077542822 0.43772964529089187
0 0.6017464747737217 0.25836111403800843 0.19937087716935836 0.3922262305182394
0 0.5176838821362664 0.48520425770734243 0.21441798841806356 0.44713191882984216
0 0.23983286393930134 0.45767968100470674 0.18570648345566482 0.36700804220663663
0 0.07962537985995484 0.43195515787279354 0.15925075971990968 0.3889103157455871
0 0.09852512138289946 0.8337983015421276 0.1970502427657989 0.3324033969157448
2 0.4162325823028822 0.7328547792176979 0.1743964942090317 0.22473872158978575
2 0.07344271143671137 0.7815830109570486 0.14688542287342274 0.1868296185055307
2 0.07460172001846525 0.9012506286518004 0.1492034400369305 0.1899546185055307
2 0.7515579603008102 0.65113676947517 0.17672528163641915 0.2747387215897856
2 0.8849806598437443 0.20388171427959448 0.1807963515287952 0.29510576866768634
2 0.6053808970234626 0.24747816111590915 0.14412679735218498 0.21172052434972918
2 0.6007897504142847 0.16139065665168223 0.13296666542531543 0.13970915665497757
2 0.5049334791169479 0.42321277231783905 0.14660113399378397 0.2648455243497292
2 0.21176352192101872 0.4392063705341255 0.11919957195929073 0.21284664772652384
2 0.22128837924078232 0.3690029646899268 0.11904971463952715 0.14258869480442443
2 0.0689233203066609 0.3849028798696163 0.1378466406133218 0.24793075973923262
3 0.04333873780340017 0.748238676947517 0.06991870181924559 0.0933329886359143
3 0.3912903943373755 0.680814992286067 0.07289815260503385 0.09026253571381489
3 0.4767228959900053 0.3406224147693571 0.06977315260503385 0.09020798863591431
3 0.5900363409848254 0.12367246834007953 0.05312930810555194 0.06806025324641088
3 0.733394465263209 0.5710674399298652 0.07616870181924576 0.09344208279171565
3 0.9064447450376013 0.09557433643857305 0.06486732878371626 0.08543866801906326
3 0.19363641418697036 0.35835579098882075 0.05171235731976358 0.07115797970746059
3 0.20335817059711117 0.3342870454530476 0.050004308105551856 0.0680057061685102
3 0.02518187861935516 0.3193500178569075 0.05036375723871032 0.08382162094116259
1 0.04251463834151943 0.849869360794893 0.061451230355292874 0.07913412094116268
1 0.6027696273787555 0.16924406696010777 0.056472631926869354 0.07280230032431154