0 0.6416913452042035 0.46799842170006284 0.647310241613382 0.538740162420688
0 0.36913599281336396 0.730126432584654 0.4002253260824803 0.2587897344757213
2 0.431822063492998 0.3365475581752172 0.4236488735787013 0.1255060085223385
2 0.4065798688111396 0.3951239500078492 0.2722081999435302 0.06875995680090723
2 0.37099941360593747 0.4571800059056318 0.4879843893637168 0.13243062031790362
2 0.4058301689381965 0.5284721633473604 0.3268802893919517 0.09717762268015626
2 0.19346813487850384 0.6941591946503716 0.20049979991529537 0.09588296279135697
2 0.154212273959872 0.6314707108924404 0.308424547919744 0.12746532340579578
2 0.14601263708581674 0.5553174386599219 0.2920252741716335 0.10811512268015626
1 0.2942919714137407 0.3686383502780017 0.11908319994353027 0.06341271397248338
1 0.32932712407281145 0.39626235327322656 0.09611613680346806 0.0438988221398513
1 0.3075291768307043 0.5295659265942042 0.11127069994353027 0.06313989546082902
1 0.1471013690934883 0.7004563238691318 0.09931673151356138 0.07207838584218215
1 0.046824343677024 0.5634151700556004 0.093648687354048 0.058998032484137576
3 0.20915186098921898 0.47842506724571 0.16419827886860805 0.08837799763774719
3 0.02609497923566128 0.6468551526324051 0.05218995847132256 0.08732143992586625