0 0.5608714191448598 0.6818598634102088 0.5393923713783902 0.6228297023160423
0 0.2994629224546288 0.41434048261691 0.2584547787409351 0.3884131090418057
2 0.6946149106678046 0.47036193179882 0.1256808200972639 0.41966049620027784
2 0.6357107915612167 0.44557883092513945 0.06727750702931327 0.2715853656913195
2 0.5748075248119936 0.4113843624602783 0.13015430438149825 0.4821968637914583
2 0.5023353653825342 0.44715690187920176 0.09616879445670072 0.3222036147413888
2 0.337260367244561 0.2372883265567364 0.09347182588823219 0.19727634992375007
2 0.40164604487098554 0.17869588297750033 0.1250943151348652 0.340045731382639
2 0.4761730099247975 0.17028527735416704 0.10859601984959504 0.32093205547083337
1 0.664028382546042 0.3330794841355214 0.06170809553293921 0.11849673328249999
1 0.6352334485094767 0.3683078161075005 0.04335620181924558 0.09309668977951394
1 0.5016568151348653 0.3488103208571532 0.06283394789030403 0.10915810087368057
1 0.33042601633493823 0.1910854737831947 0.07162675103345731 0.09687630642076392
1 0.46924445967712847 0.07179322596739622 0.05880141935425698 0.12311149810013895
3 0.5532128529765374 0.24933830413965322 0.08860023531769165 0.159703614741389
3 0.38555866439185815 0.0511157436348267 0.08659677956950462 0.08317748233256952