0 0.51796875 0.671875 0.47109375 0.5671875
0 0.28671875 0.4203125 0.22109375 0.35703125
2 0.65703125 0.47109375 0.0921875 0.39140625
2 0.603125 0.4484375 0.046875 0.25234375
2 0.54765625 0.415625 0.09375 0.4515625
2 0.4765625 0.45078125 0.07109375 0.3015625
2 0.3328125 0.253125 0.07734375 0.18203125
2 0.39765625 0.17890625 0.0984375 0.3578125
2 0.46953125 0.18671875 0.08203125 0.3046875
1 0.6359375 0.3421875 0.0515625 0.1078125
1 0.60703125 0.375 0.0359375 0.08671875
1 0.48203125 0.3578125 0.053125 0.09921875
1 0.3296875 0.21015625 0.06171875 0.0890625
1 0.46875 0.0953125 0.0484375 0.11796875
3 0.53671875 0.26328125 0.07421875 0.1484375
3 0.38984375 0.05703125 0.0765625 0.1140625