0 0.73671875 0.23584964702346262 0.5265625 0.47169929404692523
0 0.5276322211662516 0.235207541977756 0.28721312430667234 0.470415083955512
0 0.29428382673481257 0.4079579334173927 0.39983279625171153 0.5491525533480409
0 0.10929506129540636 0.3954515870558839 0.21122493731793837 0.5559718258882322
2 0.1008079260351673 0.6414918331269425 0.1795202962517116 0.5388913337461151
2 0.32082490934211993 0.6210743635250167 0.21688390393184348 0.5359504243166555
2 0.6370349310497323 0.5727073682825277 0.25814540142456116 0.5597175641014079
2 0.806241920624891 0.4998947988044361 0.31454381710139395 0.6746919007430071
3 0.09305056498982305 0.8319541672873424 0.08226223370266399 0.1458262303552928
3 0.3620817098169736 0.802213047561582 0.10078491316955054 0.13888702564056316
3 0.6717462148315385 0.7439809007475162 0.13450669530200426 0.17166529238978612
3 0.833677913498755 0.7168810916085071 0.1352341210079672 0.1966652923897861