0 0.7589626515948613 0.7858430929913582 0.48207469681027726 0.4283138140172834
0 0.7693793536265631 0.6020514386149951 0.43038240349472223 0.23372257766965596
0 0.652695774220035 0.35453102312034235 0.4843087969214587 0.3355850595192834
0 0.7062162452503473 0.136903161585828 0.5093074905006947 0.2685520956236369
2 0.4828508272223265 0.10513903541698247 0.4917913757593057 0.18721119203284076
2 0.45540254692145865 0.33541688787631047 0.4835060970739583 0.1668532402374426
2 0.43644022026781304 0.6282356469514967 0.5046550516711112 0.20290891490547763
2 0.4692378025241326 0.7955913185944697 0.6056733442241669 0.24724069788657327
3 0.31181097539871533 0.07289818627730411 0.13499455547083344 0.09452268052176752
3 0.2835275469214586 0.33441694837755254 0.12227634992375007 0.08507495764913058
3 0.2746487350854519 0.6241697947867564 0.14949346656500015 0.11335449375348397
3 0.26802014142996594 0.7756732074527388 0.17136846656500007 0.1134817587805987