0 0.3078125 0.2963678475998539 0.615625 0.5927356951997078
0 0.2494490865690954 0.7307578101724663 0.48888397071927026 0.41006012820281584
2 0.537943253302047 0.25564876405862663 0.6515465080362711 0.2973889619489308
2 0.5779217212762754 0.44745742845048486 0.4981124253659985 0.2636945504525567
2 0.5912286012492312 0.6474039245215434 0.5818692600254532 0.21449937923627313
2 0.5756025065643229 0.7811239530575907 0.47382040268936265 0.18916543134596892
2 0.5844491532065967 0.9418900552100677 0.47967041335136285 0.1162198895798646
1 0.7804392886298654 0.3075902154635875 0.1575045120146356 0.11508996071058579
1 0.7461631912794571 0.43184319871436455 0.13397610534690846 0.10618584160399784
1 0.7965155379137767 0.6725987853559636 0.1480567866804538 0.10840331306795062
1 0.743434896562732 0.8006659733214704 0.12129429201145392 0.08997864474715093
1 0.7490474552037332 0.9708434627775002 0.13386701734563572 0.05831307444499956