0 0.35 0.3171875 0.7 0.634375
0 0.23047011410699456 0.7381493909581943 0.4609402282139891 0.5018262180836114
2 0.5679873601526618 0.25449455746760374 0.7441690830409866 0.4106972974901395
2 0.572673565666419 0.4651229329425689 0.5763157381741829 0.3521548328250006
2 0.545918770191593 0.6811661602411453 0.6526580622807401 0.31022321238402845
2 0.5018119900398063 0.8250259162250689 0.5386300543720747 0.2701047458190281
2 0.48815671384235204 0.949444687976562 0.5109321828135253 0.08838196713368092
1 0.8177061758562619 0.3321967576963535 0.1885425296574951 0.14488000816812524
1 0.7561399816740302 0.46397474097885355 0.16459569368794008 0.1318344943004167
1 0.7625359258190809 0.7284184474758674 0.17566052768032883 0.13521406743868064
1 0.6774685646406547 0.8623044446260758 0.14508168973360736 0.11264808320625015