0 0.8134991764973858 0.7727128086857427 0.3730016470052284 0.33149117593756755
0 0.7412113363682311 0.4489311499338869 0.5175773272635379 0.2776778584338562
0 0.753424179862598 0.13093798224846118 0.46934835972519606 0.26187596449692235
2 0.49929455331134054 0.7562744176854258 0.6916659774344579 0.232823461101961
2 0.5437910479010643 0.6451831094539683 0.6587625492212125 0.2279788308442363
2 0.4508126230530311 0.4614875401412344 0.5083366518867795 0.2590982767966503
2 0.432179665676833 0.10550583192011923 0.5686831185006846 0.21101166384023845
2 0.3350893685006846 0.19526275384518724 0.3806542695960413 0.16035980438627023
3 0.2873672708496825 0.11482498134395006 0.2537735208496826 0.14278944482076028
3 0.24768029671393 0.20297343453245334 0.1791084899708702 0.09675324852966201
3 0.2979604076927672 0.47888748134395004 0.18572220282385157 0.10958079715018094
3 0.28950201616432203 0.7797882400503774 0.26609166442319176 0.13719454206179832
1 0.3222714005666313 0.6959145290599579 0.19951191818411546 0.10094278154634875