0 0.16484375 0.7875 0.26015625 0.42421875
0 0.4765625 0.73671875 0.190625 0.5265625
0 0.8125 0.775 0.26953125 0.45
2 0.225 0.44609375 0.1296875 0.63203125
2 0.321875 0.5 0.128125 0.6
2 0.5046875 0.43359375 0.178125 0.4546875
2 0.85234375 0.45703125 0.15625 0.51328125
2 0.7671875 0.35546875 0.10234375 0.34375
3 0.84765625 0.31953125 0.1015625 0.22421875
3 0.77109375 0.2734375 0.06875 0.159375
3 0.50859375 0.28984375 0.07890625 0.16484375
3 0.23046875 0.24921875 0.0953125 0.2375
1 0.30390625 0.28828125 0.06953125 0.17734375