0 0.17782873027094467 0.786302979094487 0.27753659593514246 0.42484589448421417
0 0.4981579506457735 0.7144308951900861 0.21187815518548483 0.527091662970653
0 0.8438258033113405 0.7334267349914432 0.2908549498543508 0.45369893657758914
2 0.23048575118713424 0.44438151862761294 0.151771032461658 0.6592979472421071
2 0.3313184769722394 0.4940714345114506 0.14925378622258184 0.6263944419804354
2 0.5175993062808415 0.41435530047999275 0.19645173198680438 0.4793976156156063
2 0.876116499933493 0.41773384555713927 0.17478733214508893 0.5389700366905286
2 0.7847891547897733 0.3181881428415988 0.11657035220334855 0.36087585779368575
3 0.8673144982841403 0.27660061134215486 0.11141618778015676 0.23734735253201392
3 0.7862403430321485 0.23358562968741917 0.07664873119538171 0.16824874203690507
3 0.5172091982049981 0.26647153732581313 0.08620558762187222 0.17504477360693613
3 0.23004416732618566 0.2409380002117615 0.10557536473976095 0.2510458314853265
1 0.30700748409837536 0.27714924502067684 0.07719430047485369 0.18699874203690509