0 0.4577281131258683 0.3503673449039847 0.1721711664125003 0.2879987015966055
0 0.3017508700597225 0.3557193952845456 0.136996079406528 0.2522230276803289
0 0.08218325246854195 0.3452116823192336 0.09244599240055573 0.21606535178688588
0 0.6246441626127781 0.4125847965005902 0.1482972553183334 0.26829369665368963
0 0.7137073158231602 0.4497757317855734 0.11711999050069473 0.2701453567298017
0 0.818195447282049 0.4790095870325004 0.13390744699770848 0.25365819368794007
0 0.9570890674386806 0.49821186767857883 0.08582186512263874 0.2413200197716634
2 0.9634673338233857 0.6021817846747732 0.07306533235322873 0.22499468281352525
2 0.807913870344063 0.5738127510629452 0.07533122758291669 0.21849001482874755
2 0.6803525680073615 0.5928108073750051 0.051237804520902944 0.12228617688202625
2 0.6122013268410769 0.5486668765386463 0.08412434612402783 0.19387201680591398
2 0.4223387398351046 0.506588169999125 0.10963349240055571 0.21676568874502422
2 0.28723704122187543 0.5034247248283101 0.09742443313000013 0.22875635277546919
2 0.21726938012770872 0.4818415434976597 0.05708906743868072 0.1724771778706092
2 0.1820585787409379 0.4780652860832859 0.057525478532847354 0.19122717787060922
2 0.060601152829132324 0.45750609387822055 0.09015614057694461 0.1847516847906915
3 0.2791349069131949 0.5577302228511437 0.05014677678548622 0.07541117688202625
3 0.522958295305938 0.6043491907593717 0.04981946846486114 0.061348676882026075
3 0.6073696628971186 0.6093497085538688 0.05160017401194459 0.07078734387822046
3 0.8034822499030909 0.6516830830781677 0.05763196846486096 0.061667011862998146
3 0.7571702943560075 0.6404299066904332 0.04040810087368065 0.05940417490485981
1 0.05969392268076432 0.519129343383929 0.037173998100138925 0.05458934091247088
1 0.18180531202343791 0.5342516190870915 0.029506968464861137 0.06052100593149916
1 0.21227406202343793 0.5354931255128821 0.038772865691319505 0.05621550790866543
1 0.41937870041618097 0.5806159190105418 0.04665810087368065 0.05965884288963732
1 0.6731583170574311 0.6190549723940333 0.03713763050895835 0.053026840912470875
1 0.9663095582237158 0.6723669506823844 0.03888196846486096 0.06090300790866543