0 0.56796875 0.64453125 0.14453125 0.26171875
0 0.71640625 0.62578125 0.11328125 0.23046875
0 0.9265625 0.615625 0.07265625 0.2
0 0.40703125 0.6 0.12421875 0.2453125
0 0.32109375 0.57265625 0.09296875 0.24921875
0 0.2203125 0.55390625 0.11015625 0.23125
0 0.06015625 0.54921875 0.1203125 0.22109375
2 0.075 0.44921875 0.0625 0.21015625
2 0.228125 0.46171875 0.0578125 0.203125
2 0.3484375 0.43203125 0.040625 0.1140625
2 0.415625 0.46875 0.0671875 0.18046875
2 0.59765625 0.49140625 0.090625 0.1984375
2 0.72578125 0.4828125 0.07734375 0.2109375
2 0.79375 0.496875 0.04140625 0.16171875
2 0.82734375 0.49765625 0.0421875 0.17890625
2 0.94375 0.50625 0.07265625 0.1703125
3 0.73203125 0.43046875 0.04296875 0.06796875
3 0.49765625 0.40703125 0.04296875 0.05546875
3 0.4171875 0.409375 0.0453125 0.06171875
3 0.23046875 0.3875 0.05078125 0.0546875
3 0.27421875 0.39296875 0.034375 0.0546875
1 0.94296875 0.44765625 0.03125 0.04921875
1 0.82578125 0.44375 0.02265625 0.05546875
1 0.79765625 0.4453125 0.0328125 0.05078125
1 0.5984375 0.4203125 0.040625 0.0546875
1 0.3546875 0.40703125 0.03125 0.0484375
1 0.07421875 0.38125 0.03359375 0.05546875