0 0.41837306560124743 0.39078096675617063 0.1659077753125615 0.28475121551297516
0 0.2652579892850448 0.40537133197589004 0.13189487386128268 0.2486565852552504
0 0.05009678075485709 0.4073521545679843 0.07924109981466554 0.2147043091359686
0 0.5886235674153459 0.4425935295101838 0.14337801088459123 0.2648547953411587
0 0.6801761503549705 0.4739054845077094 0.11072920199158372 0.267822665083434
0 0.7862996647829407 0.4981828674789677 0.12882443756361361 0.2500553109449909
0 0.9426934754052286 0.5084663495002862 0.1146130491895427 0.2410078595655099
2 0.944697496541439 0.6125396958368131 0.07644348202865067 0.22391553482570908
2 0.7834053324762884 0.5939490688584487 0.06997522721932725 0.21733798620519007
2 0.6595784520764018 0.6209918464480685 0.047896841377145095 0.121042840343633
2 0.5879291413692959 0.5790256744672296 0.08003970798203355 0.19291119629109837
2 0.3966220950901601 0.5495041915414 0.10418653611233468 0.21445200361804453
2 0.26265632285764157 0.5541806462002412 0.09212304573098154 0.22629690637700647
2 0.19107149953666386 0.5363922806418376 0.05276787985173241 0.1712066146538927
2 0.15669649953666384 0.534590763228983 0.05342264427970269 0.18995661465389269
2 0.046321994727340415 0.5225677187923355 0.06252482576804842 0.18263543758467105
3 0.2590973024392215 0.6085815411572872 0.049384930307219396 0.07433161465389268
3 0.5050918487183572 0.6409690745126582 0.048948420688572546 0.06183161465389251
3 0.5893577213136955 0.6422659808896649 0.05078373920022674 0.06972600180902226
3 0.7853522675928313 0.6720331252808838 0.0567063569862416 0.06067855042954129
3 0.7390675446346732 0.6641487042045562 0.03946429328391084 0.05821529172311415
1 0.03832101096940922 0.5837542022839921 0.036121038474587384 0.05180151741285464
1 0.16022329282057463 0.5909226503841127 0.02858135698624169 0.059204581637205676
1 0.18982894726707836 0.5901347563315781 0.03779266587924912 0.05500840456798421
1 0.39921387095087574 0.6237229415414 0.045714293283910835 0.058542840343633176
1 0.6550372850160263 0.6472677414051144 0.036121038474587405 0.05180151741285464
1 0.948742644997493 0.683715332991943 0.0379563569862416 0.059695904567984216