0 0.722009778950332 0.14025170005025822 0.40001723242220744 0.28050340010051644
0 0.7092614141869704 0.32934266026731746 0.4641867402800903 0.2533234736759482
0 0.711718518406362 0.5445311506486706 0.38722613399378397 0.2755952885594054
0 0.6462218351983664 0.8120113165279197 0.424764675350113 0.31122525371301535
2 0.511108434660247 0.7153322678865314 0.49907116252983136 0.2654613751272269
2 0.479959096156621 0.5635440785936373 0.43994871960192583 0.23531751814098528
2 0.43308182630702613 0.8834126344914198 0.4280651497095498 0.21462307222466953
1 0.3266179263880794 0.540039635124392 0.12467897642635144 0.09795140507947586
1 0.3636320829220547 0.4654290155242786 0.09055653349844608 0.06868056733052796
1 0.28804330811006107 0.8658580906593549 0.1065454065339753 0.07703870435383635
3 0.3449226625343405 0.6829166158870983 0.14386562406898662 0.10798116950744614