0 0.18915012261300249 0.3851584927639108 0.2071794373806342 0.35908283016686776
0 0.3707273866168205 0.3475345827688595 0.1658100973901792 0.4271843769783644
0 0.5720540766231839 0.29013708333468646 0.20232830537872531 0.3447746687014785
0 0.8329279419557747 0.2819306784280179 0.23241579471672508 0.3807055246489438
2 0.7577541246021848 0.43499812471911625 0.169335086728179 0.46172315128862385
2 0.6187547119271397 0.5039638879480993 0.15309192138763378 0.4077792797373263
2 0.927630272597094 0.46357242480997324 0.13425101471990644 0.3989841338757694
1 0.616228053906777 0.6540048315256641 0.07463746801399936 0.10697369629109836
1 0.5406649799093224 0.6392263585494571 0.05090906667727228 0.08074538896415202
1 0.927529180577686 0.6064592876548435 0.055778380012726815 0.09661605042954129
3 0.7480325845799131 0.5994700604947649 0.08112382535009015 0.1276137449116174