0 0.2353741764973857 0.32311793659302257 0.42210494985435076 0.4494115959351424
0 0.3071943183550353 0.6416118723281153 0.41297399076229296 0.403871775402029
0 0.36829225738883337 0.8603331285963215 0.39660954169936513 0.2706955625490476
0 0.3546624194377567 0.07661867280296902 0.28744983887551345 0.15323734560593805
2 0.41672346489804546 0.2943838681714802 0.5288764724198929 0.25581001161197553
2 0.48850049115800437 0.530778357746639 0.4978537929530063 0.2627132294795219
2 0.5371188137361818 0.8311815230277606 0.4669842261808167 0.22122441145369082
2 0.4893676915410805 0.18436635900028017 0.3721430876218722 0.18099656505633005
2 0.5131364974927175 0.01580554176587207 0.191897994985435 0.03161108353174414
3 0.5895782916993652 0.2424396202830513 0.1641654515702104 0.1156203029821361
3 0.6588213513454189 0.49923753807145543 0.15001202335696498 0.11208612602253218
3 0.6877038354437942 0.7931777546853607 0.1405460951437197 0.10868834138279589
3 0.7611376722742437 0.6565522814075377 0.09088106426490725 0.06509145407749273
3 0.7094411284633075 0.5728281507661522 0.0958413489046432 0.07460284639736088
1 0.7623341109123303 0.7245437634608491 0.1117391335443795 0.0844324874635877
1 0.5968619427947217 0.17029183564331518 0.1386653463973609 0.09770537727617326
3 0.731215525402029 0.38062627890025535 0.04644910266556703 0.040380959092057724
3 0.6809534494586392 0.26558395209893576 0.049483174452321775 0.03734688730530315
3 0.7566032849689405 0.6082057096207831 0.062210494985435 0.045523100158284535
3 0.8275164932030684 0.814912699195942 0.04148881802583091 0.030869566772189928