0 0.7214347757386464 0.7277310314289955 0.40843858757465307 0.4343237400540886
0 0.7431032218833336 0.3835452267663591 0.404258927430417 0.38897487738699754
0 0.7530366938635764 0.1391957901018135 0.38866768218006964 0.25601692671863396
0 0.5232557681392022 0.9341039220241807 0.2937889804327085 0.13179215595163854
2 0.5285562915062159 0.6958072274029059 0.5484050516711113 0.20632710407381474
2 0.5256079037790629 0.43490609006999675 0.5143937275829169 0.22155211473581496
2 0.565826981382639 0.11592937074313285 0.4852504350298613 0.17747485073199698
2 0.4220173104079173 0.7828248747214974 0.38615831838861114 0.1482044267186339
2 0.3388632375539939 0.9685254700429524 0.20138196846486114 0.06170221069381725
3 0.33707730632385474 0.6904550140435889 0.1664627610179167 0.10503404002227175
3 0.3430129561157642 0.40856921471195246 0.15076502583555573 0.10172722668681722
3 0.4007468420399654 0.10385499005408842 0.14135365824437507 0.1000556386855446
3 0.28621417619614603 0.21655389003818004 0.09040810087368065 0.058848836012090365
3 0.31355988582729194 0.31762604137490713 0.09531380642076392 0.06827838001272664
3 0.28026948755399383 0.9678436700349984 0.09153418977951393 0.04011701734563573
1 0.3057077521842015 0.14804933804104356 0.11275587955902786 0.07941587468172658
1 0.30826328172257006 0.7611942280394527 0.14266158510611113 0.08913632001909004
3 0.2343302467689588 0.5041533400302258 0.046112587005972296 0.03490225867281786
3 0.25148399201930605 0.6371294720321348 0.05080008700597229 0.034956802673454135
3 0.27567737290951416 0.26719878003658926 0.06191942496187508 0.04289657200827239
3 0.2663887194147917 0.03590332670272561 0.04284211664125 0.028615896005727004