0 0.28203125 0.7328125 0.37578125 0.3421875
0 0.60703125 0.7328125 0.33046875 0.3421875
0 0.8671875 0.728125 0.265625 0.3421875
0 0.06015625 0.5625 0.11953125 0.26484375
2 0.29453125 0.5515625 0.1453125 0.49921875
2 0.53828125 0.5328125 0.1625 0.46484375
2 0.840625 0.5515625 0.1234375 0.4421875
2 0.203125 0.45703125 0.10390625 0.35078125
2 0.02109375 0.3921875 0.0421875 0.184375
3 0.28125 0.371875 0.08515625 0.146875
3 0.54609375 0.3609375 0.0828125 0.13203125
3 0.83671875 0.396875 0.08203125 0.12265625
3 0.7203125 0.29609375 0.04765625 0.0796875
3 0.628125 0.328125 0.0546875 0.08359375
3 0.01640625 0.33671875 0.03203125 0.0828125
1 0.7859375 0.31015625 0.06328125 0.09765625
1 0.21328125 0.35 0.07109375 0.125
3 0.44609375 0.265625 0.0296875 0.03984375
3 0.32421875 0.2890625 0.028125 0.04296875
3 0.67265625 0.28984375 0.03515625 0.0546875
3 0.88828125 0.26640625 0.02421875 0.03828125