0 0.12109375 0.66796875 0.22109375 0.6640625
0 0.30625 0.47890625 0.12734375 0.42890625
0 0.55859375 0.60078125 0.2078125 0.55234375
0 0.8265625 0.5484375 0.1546875 0.45078125
2 0.140625 0.2734375 0.16484375 0.471875
2 0.2984375 0.2390625 0.1234375 0.32890625
2 0.57578125 0.2875 0.16015625 0.4109375
2 0.8296875 0.27890625 0.1 0.340625
2 0.76328125 0.25703125 0.05390625 0.20390625
2 0.934375 0.28515625 0.075 0.23984375
1 0.13046875 0.12421875 0.075 0.16484375
1 0.3015625 0.15703125 0.05078125 0.11171875
1 0.578125 0.15390625 0.06953125 0.1328125
1 0.8390625 0.17109375 0.0453125 0.11328125
3 0.921875 0.21796875 0.0375 0.07109375
3 0.784375 0.2140625 0.04296875 0.08359375