0 0.3002091191764483 0.16966410196834872 0.6004182383528966 0.33932820393669744
0 0.4704098337849123 0.30264529449216876 0.4792249118040736 0.23240551736480572
0 0.421291739596092 0.5874288397699045 0.6303513998182858 0.3441884207592102
0 0.5505918945027607 0.8490390263417961 0.510713929216928 0.2669532341873186
2 0.6315952380142125 0.1145781888113869 0.5319404760284249 0.22490208957351268
2 0.7099802668470276 0.23921509532904933 0.374625943011738 0.20368055366555096
2 0.7410000520114209 0.5330559989198455 0.46984326775153884 0.2620293848512484
2 0.8166369202275874 0.7904872247193486 0.36672615954482524 0.1849669151018695
2 0.8264030427391669 0.717090631335207 0.22571705223856356 0.10440674063022612
2 0.8467985091566532 0.8976230138487644 0.2678979081860291 0.13433058996629582
1 0.7774566146538926 0.05138381810349039 0.1892882293077852 0.09482266237139488
1 0.7934954517181653 0.22329972471934867 0.13065685775648764 0.07886131908544902
1 0.8769851396415206 0.5049497005188519 0.15532266508343398 0.10243517447164337
1 0.9348480096667092 0.7747354805730812 0.1303039806665815 0.07261131908544911
3 0.9109904839418824 0.8706610589301083 0.08411605042954165 0.05516019867214013
3 0.8762359464026399 0.7290957276462149 0.09866987336031982 0.06461701190385671