0 0.85390625 0.3572513302784094 0.2921875 0.6403128980092636
0 0.7094850183259698 0.5181844289897855 0.20809893186212314 0.47709584577069997
0 0.4243513315581119 0.4081322410664301 0.3153914615196182 0.6230435108541339
0 0.1530121838392894 0.4835638517635938 0.2436836047898165 0.5085848631835544
2 0.8952501274900484 0.7245959605361342 0.20949974501990312 0.5306236374938139
2 0.759610988211364 0.7726163014455942 0.1882719101132933 0.3731519742194024
2 0.46056865174751727 0.7421321048158116 0.24033842889637355 0.46475297602842486
2 0.19506832714666866 0.7695356512886239 0.16521641209045956 0.38129866689245623
2 0.2691106636105154 0.7882280975797223 0.09335204646340926 0.22473440637700665
2 0.09297924513144622 0.7704220426276251 0.10588122136826898 0.26437011646291475
1 0.9506518698471194 0.8810849779489887 0.09869626030576129 0.18805327792830404
1 0.7701757565001527 0.859703543643678 0.07384335969555131 0.12860303482570892
1 0.4819236814050125 0.883575976367109 0.09667336463846717 0.1531869549975255
1 0.20443535136695642 0.8846250627540131 0.06603085969555131 0.1281935990500603
3 0.10987492646209665 0.840690277023793 0.05324701680591395 0.0823078889641522
3 0.25467809049254153 0.8358057824508599 0.061568852775469106 0.0952173247398008