0 0.196875 0.6953125 0.21875 0.609375
0 0.45390625 0.55546875 0.16015625 0.415625
0 0.83828125 0.684375 0.22109375 0.60859375
2 0.46015625 0.2828125 0.1234375 0.30078125
2 0.20859375 0.340625 0.11640625 0.4328125
2 0.06640625 0.30859375 0.1328125 0.4703125
2 0.26953125 0.1703125 0.15390625 0.30703125
2 0.8625 0.4125 0.09453125 0.3953125
2 0.859375 0.2765625 0.17578125 0.34453125
1 0.0671875 0.16171875 0.07890625 0.16171875
1 0.2078125 0.190625 0.08828125 0.17578125
1 0.25859375 0.11015625 0.08125 0.17265625
1 0.86796875 0.26640625 0.07421875 0.13671875
1 0.82578125 0.18125 0.06875 0.13515625
1 0.459375 0.18515625 0.05859375 0.11171875