0 0.18719236580228032 0.698648185472229 0.27547627058805607 0.5997580868489054
0 0.44972462605389935 0.5589918015454228 0.2027232729503087 0.4392103246740408
0 0.8460142942954011 0.6582597755741358 0.2812550446346734 0.6310899074657564
2 0.45170631062228794 0.2786594192401745 0.15477186787083283 0.31813416558343127
2 0.1936730666127377 0.35655614285855514 0.1580109736759482 0.4556068920444809
2 0.0687574344835706 0.3331476907472347 0.1375148689671412 0.4930796185055306
2 0.2538268605296207 0.1767089557647684 0.18473218638248712 0.32646486282348774
2 0.8673362559056319 0.38305522403200826 0.13315481741534613 0.41457278896022587
2 0.862036175413078 0.24417000203518543 0.21271334264308947 0.3675535129856435
1 0.047123009302160755 0.1826800864451636 0.09424601860432151 0.17345686525911974
1 0.19045384129232704 0.20279989732278197 0.10649308057737183 0.18768300649282174
1 0.24113837677168953 0.11524930438479664 0.10013395317271012 0.1844489123370204
1 0.8702579031805595 0.23231488434043376 0.08939486061443844 0.14522277110331833
1 0.8255753749575909 0.14799047727841913 0.08314486061443879 0.14511367694751703
1 0.44894838757146277 0.1787685133959759 0.0697718413771451 0.1198954886359143