0 0.7909449808475244 0.31816561179468816 0.4100149616950487 0.6090555302039586
0 0.5616270469969259 0.47987978932201436 0.29649312031790365 0.48775979882131965
0 0.1658408318433162 0.4347594725489238 0.3261161660488851 0.7101439450978475
2 0.6373463319281342 0.7704697281515978 0.22165183302444263 0.35643575721819454
2 0.8774008194611126 0.6481453589448967 0.24519836107777487 0.49459037385944454
2 0.9494072668750408 0.6500728412774661 0.10118546624991823 0.5214048341561807
2 0.8636558607840747 0.8132066612815979 0.23547623084752445 0.30523693313000033
2 0.17685277603035168 0.727746406344514 0.22018359146196306 0.4485141544446529
2 0.21968017149118074 0.8326494990500695 0.28673119600113395 0.33470100189986096
1 0.9271565439592919 0.8084659163155911 0.14568691208141615 0.21264808320625014
1 0.8932367225796398 0.8779055941272578 0.12226192431676956 0.14804006933854197
1 0.2151489281146027 0.8855413757593057 0.1214087524470707 0.1683162017473613
1 0.2851365351008443 0.9413718420399654 0.1120684687818068 0.1172563159200692
1 0.6675100362819707 0.8742129772016671 0.09687997840045366 0.13652068787965277