0 0.60390625 0.7484375 0.51875 0.50234375
0 0.18203125 0.6765625 0.36328125 0.54375
2 0.1828125 0.37890625 0.1046875 0.5109375
2 0.26796875 0.35078125 0.103125 0.5515625
2 0.5359375 0.23359375 0.12890625 0.2984375
2 0.6671875 0.34375 0.24453125 0.646875
2 0.8203125 0.36640625 0.18828125 0.6234375
2 0.934375 0.303125 0.0984375 0.290625
2 0.9625 0.1328125 0.075 0.16015625
1 0.1703125 0.1671875 0.0640625 0.11875
1 0.25859375 0.1359375 0.06953125 0.115625
1 0.521875 0.159375 0.0671875 0.115625
1 0.6171875 0.12890625 0.065625 0.1203125
1 0.690625 0.11015625 0.10078125 0.1921875
1 0.80703125 0.1328125 0.0828125 0.15
1 0.93203125 0.20859375 0.0421875 0.0890625
1 0.96953125 0.0921875 0.04609375 0.090625