0 0.71875 0.43929283656909535 0.5625 0.66435778007636
0 0.58125 0.7963615439210946 0.646875 0.4012770720878141
2 0.275 0.7819563352960017 0.55 0.24546232940799656
2 0.28203125 0.6873432692950472 0.5640625 0.25343846140990556
2 0.215625 0.3849909759707286 0.3390625 0.21175784937936148
2 0.375 0.2792302299490933 0.696875 0.4159213747612684
2 0.425 0.15265228532781844 0.6875 0.3053045706556369
2 0.3859375 0.040869353317955256 0.31875 0.08173870663591051
1 0.06171875 0.7430318373249549 0.1234375 0.09831132535009016
1 0.05625 0.6446579719923641 0.1125 0.10130905601527189
1 0.13671875 0.3804403833147736 0.1359375 0.10158177601845368
1 0.12890625 0.2750625399825008 0.140625 0.10007382001909004
1 0.1453125 0.19987163598027363 0.1859375 0.1459135786919079
1 0.18203125 0.08225687464195568 0.1765625 0.12549199069063527