0 0.3721946990879665 0.24110172297083282 0.574360601824067 0.48220344594166564
0 0.8039421061983292 0.2848824974659172 0.39211578760334154 0.5697649949318344
2 0.8085235409518396 0.5912485886105637 0.14240494767945364 0.5428874576491307
2 0.7189689510279518 0.6230121938985621 0.14418762357289694 0.5866374576491304
2 0.43324767384191454 0.7535501633533535 0.1551119002274614 0.3180147226762454
2 0.2964891145641051 0.6403103408500589 0.2983896453217266 0.6906351321207739
2 0.1356298690127294 0.6201574430147994 0.237932306386422 0.6637271984757485
2 0.037112068403613266 0.6903431988685319 0.07422413680722653 0.30836701190385674
2 0.012112750457110539 0.8709164879979474 0.024225500914221078 0.17061248184962743
1 0.8166066604960417 0.8145860946606879 0.07553319368794006 0.12853406615858276
1 0.7230184865797651 0.8494974258463854 0.08002969269935693 0.12387383723582168
1 0.4448762405340977 0.8323700549420971 0.07846719269935694 0.12386474687674216
1 0.3435074001159183 0.8665455879231928 0.07559686068413445 0.13009656615858275
1 0.2661172291653912 0.8873035155180939 0.11771537650146531 0.2053238251355733
1 0.14435231711211272 0.866142108705844 0.09718270060802232 0.16146474082661796
1 0.019628796654783422 0.7895755844071513 0.039257593309566845 0.09402271077238851