0 0.534375 0.70703125 0.6640625 0.58359375
2 0.43125 0.45546875 0.10703125 0.50703125
2 0.50390625 0.3859375 0.08671875 0.3984375
2 0.6671875 0.39375 0.0734375 0.446875
2 0.75234375 0.4125 0.13359375 0.63828125
2 0.47421875 0.0921875 0.0890625 0.18359375
2 0.59140625 0.38515625 0.13359375 0.74296875
1 0.7375 0.2 0.09453125 0.18203125
1 0.66875 0.23359375 0.0625 0.13046875
1 0.50390625 0.2671875 0.0859375 0.1515625
1 0.43203125 0.28046875 0.07421875 0.159375
3 0.5859375 0.1109375 0.12890625 0.19453125
3 0.48828125 0.0265625 0.0640625 0.053125