0 0.6698632259309577 0.4928647668144091 0.6574736227720861 0.7916550503399311
2 0.4349064232575035 0.5483199054914927 0.524329480028635 0.223084275454306
2 0.38200923726927566 0.46285583738722186 0.41290108402290804 0.17831467648048652
2 0.42605123329091105 0.3024989124253469 0.45819540268936265 0.17780683662472258
2 0.4629159813017288 0.22197495782819407 0.6609033267027256 0.2809357558870144
2 0.09311255864100118 0.43840657693798607 0.18622511728200236 0.12943684612402784
2 0.4009779606142751 0.3765001100886455 0.7627203653723618 0.30517464931375066
1 0.2507614266390922 0.19723345022874977 0.20152723201781733 0.13590505167111128
1 0.2686387226289108 0.2717970391345831 0.14166133601209036 0.09233558320625015
1 0.2658847979392301 0.4413464729301734 0.1685329186823629 0.11951633225631948
1 0.26269561592936685 0.5140572743169443 0.17311133068109025 0.11025043502986129
3 0.1297029446212748 0.3312655709540624 0.2222579026893626 0.1723153303564585
3 0.029854035307932986 0.41095503058520827 0.05970807061586597 0.07645470364722229