0 0.3328125 0.5691237464839586 0.665625 0.7882474929679171
2 0.53828125 0.41875662870292835 0.53125 0.20934072208707005
2 0.6234375 0.47784580327276743 0.41875 0.16806121623333753
2 0.64765625 0.6443929538385016 0.465625 0.16364642700572601
2 0.6453125 0.7342230682998822 0.6703125 0.26483726404515606
2 0.90234375 0.3943121823684792 0.1796875 0.12135789129415606
2 0.6265625 0.5669264839909267 0.746875 0.2840326916400574
1 0.85703125 0.6784235619551703 0.203125 0.13399424668035032
1 0.80859375 0.6156417608237021 0.14375 0.08989881303532492
1 0.74296875 0.4566662157423583 0.1703125 0.11661584913967822
1 0.715625 0.3861946344584649 0.1734375 0.10725902985783761
3 0.90234375 0.5091559323684793 0.1953125 0.16832379488495236
3 0.971875 0.3970604533475222 0.0453125 0.07057612041330899