0 0.8021386960398615 0.1648588054330765 0.3955408007386847 0.31010327048806363
0 0.7497217022863774 0.3120337872827039 0.4982658249391815 0.24195323418731843
0 0.6821695461614985 0.6436655823640478 0.5686964996072167 0.26267480034590135
0 0.6926292814289713 0.8600036546709507 0.5312692224798535 0.27495663172799034
2 0.4401638533430908 0.6138245880213885 0.5857112827847037 0.23308729429577718
2 0.5352985704601911 0.778109280937992 0.8529715056573408 0.2471417456983918
2 0.409605762394836 0.22651548556206053 0.3856203791939077 0.216298728333586
2 0.607194355582586 0.1054773194782325 0.685611288834828 0.210954638956465
2 0.19930302488786789 0.5214790484991895 0.36327268052176753 0.13492146330647117
1 0.24262071195073892 0.7298137232654204 0.23979881908544903 0.12795332493918146
1 0.22790929303824048 0.5728733768562165 0.15056360226293633 0.09774767447164337
1 0.10246438632418635 0.5157926507621259 0.15367042154477706 0.0946408551898024
1 0.31666882865161466 0.22158761192729778 0.16618860226293625 0.09783857806243948
1 0.3747636506639299 0.03981141286237421 0.19109769867214013 0.07962282572474842