0 0.21171875 0.7393932563447118 0.4234375 0.32433848731057646
0 0.278125 0.615569416083828 0.490625 0.2528543727509998
0 0.37578125 0.3181262686413519 0.5234375 0.2717952702916719
0 0.34453125 0.12950114763886783 0.5609375 0.25900229527773566
2 0.59453125 0.36060361837020544 0.5359375 0.24530549316430889
2 0.496875 0.20179676581268158 0.815625 0.2859951674395605
2 0.59921875 0.7168263472929666 0.3578125 0.21770669222923242
2 0.403125 0.8492171873574585 0.6375 0.3005838665044841
2 0.6984375 0.9514053594914109 0.396875 0.09137145120622278
2 0.8078125 0.4609252843558377 0.3328125 0.14412374648395848
1 0.78125 0.2681110704601911 0.2203125 0.1294067406302261
1 0.78515625 0.41183834456249213 0.140625 0.09769313231716552
1 0.89609375 0.47213042906783925 0.1421875 0.09613972267624522
1 0.684375 0.7272684227231274 0.1546875 0.09933744554888228
1 0.61953125 0.9010831726249314 0.1765625 0.10571471057599666