0 0.8046875 0.7703125 0.2296875 0.45859375
0 0.6625 0.69296875 0.15390625 0.4640625
0 0.35625 0.65859375 0.1671875 0.49375
0 0.16328125 0.73515625 0.1859375 0.5296875
2 0.353125 0.43828125 0.13671875 0.51328125
2 0.21875 0.565625 0.11484375 0.8
2 0.69609375 0.3609375 0.1484375 0.3296875
2 0.87265625 0.5203125 0.19140625 0.6046875
2 0.94296875 0.20703125 0.09140625 0.38203125
2 0.40703125 0.2109375 0.07578125 0.3203125
1 0.22578125 0.2765625 0.0859375 0.20546875
1 0.3640625 0.24296875 0.0703125 0.1265625
1 0.4 0.1234375 0.0671875 0.1296875
1 0.68984375 0.2765625 0.06953125 0.1421875
1 0.8703125 0.303125 0.0703125 0.1640625
1 0.9421875 0.06796875 0.040625 0.10390625