0 0.43362680836358836 0.671875 0.5861151384016443 0.65625
0 0.619467513383054 0.45859375 0.37324377079742777 0.49375
2 0.48125395307948027 0.17265625 0.15887357018940537 0.3328125
2 0.38152852570316254 0.121875 0.14966571345960356 0.221875
2 0.18728507167228015 0.33984375 0.22585943482787257 0.48125
2 0.33241584094965204 0.43125 0.275235988211364 0.734375
1 0.44948534684397 0.0640625 0.08883168973360736 0.109375
1 0.3917365138401644 0.065625 0.08695085475263546 0.1015625
1 0.5064741289729232 0.21640625 0.07738485376405232 0.096875
1 0.2759151956651064 0.1375 0.14740819368794006 0.128125
1 0.16738245406806343 0.17734375 0.1199835306460784 0.1453125