0 0.3819544490811769 0.6179321992719466 0.6020239016209149 0.6944662094116258
0 0.624853733294595 0.45500195657884257 0.38470244844820484 0.5079717816533298
2 0.5696825613400781 0.15668282792374696 0.16436512268015627 0.31336565584749393
2 0.48616816769334764 0.09250727962803029 0.15046133538669526 0.18501455925606058
2 0.2380084646054555 0.23724485551988708 0.23851692921091097 0.47448971103977416
2 0.3525570926430894 0.3622760831987527 0.29573918528617876 0.7245521663975054
1 0.568125006623422 0.04464361384108047 0.08781251324684405 0.08928722768216094
1 0.5115476244094369 0.035752719157449 0.08559524881887377 0.071505438314898
1 0.5821205631541767 0.19386958766627488 0.08005457694917481 0.10133640340856664
1 0.38122520734906135 0.06334281818286668 0.14989585099579195 0.12668563636573335
1 0.26431052586071563 0.0724527883529655 0.12393355172143128 0.144905576705931