0 0.2221185029406761 0.36573562188998177 0.41102818973237765 0.3503230630926974
0 0.790793259838081 0.4268744335123412 0.28243179895920323 0.2454164778374471
2 0.7352725209193575 0.5594921817033189 0.1217200282669884 0.3304864393936935
2 0.8006551814802357 0.5825036357963334 0.12485167231952303 0.3010446008590826
2 0.18267314337516619 0.49057849163225703 0.11044833559393466 0.3532688421526554
2 0.13829902363289098 0.45535032055592933 0.08561210990419417 0.3550836476705793
2 0.10014724841812031 0.48076972241038013 0.07895931818108015 0.31733798620519005
2 0.052143475520398365 0.4422118334462281 0.10428695104079673 0.4184025192218769
2 0.2218108864777612 0.461293783355371 0.08045986318355451 0.2270405348257091
1 0.17653492876670213 0.6226506852098218 0.06832063206674714 0.08460737336031983
1 0.13187088195520544 0.5780065705559293 0.057137470601357834 0.07934666327441153
1 0.09260698609364841 0.5947503352552503 0.05039614767057934 0.0696441146538925
1 0.04170622738722115 0.6093174462910984 0.049324970601357834 0.07893722749876275
1 0.22001933514370875 0.5403228640880657 0.05039614767057934 0.06964411465389268
3 0.721813129241672 0.6817799395052351 0.06141553482570909 0.0717798247398008
3 0.7879737177762827 0.6899476435982494 0.06042624491161739 0.08263543758467122