0 0.74921875 0.62421875 0.3734375 0.309375
0 0.18984375 0.6140625 0.25703125 0.2171875
2 0.2328125 0.48046875 0.0921875 0.3140625
2 0.16796875 0.46328125 0.09921875 0.2859375
2 0.77734375 0.5 0.078125 0.33828125
2 0.8234375 0.53046875 0.05390625 0.3421875
2 0.85859375 0.50234375 0.04921875 0.30546875
2 0.90859375 0.53515625 0.0671875 0.40390625
2 0.74140625 0.53203125 0.059375 0.21640625
1 0.77265625 0.37109375 0.059375 0.078125
1 0.81953125 0.4109375 0.0484375 0.0734375
1 0.85625 0.390625 0.04375 0.0640625
1 0.90390625 0.37265625 0.040625 0.07265625
1 0.73671875 0.45546875 0.04453125 0.0640625
3 0.2359375 0.36015625 0.05546875 0.065625
3 0.17109375 0.35703125 0.05234375 0.07578125