0 0.36394722332147034 0.7580848299490466 0.3840755169541108 0.43604223457542907
0 0.379278739246633 0.14869223903965606 0.26793247849326607 0.28882058684890544
2 0.5268836393704676 0.2004474281620377 0.3572389193542568 0.1280115462638265
2 0.546228644747151 0.12974914447681765 0.3261344685684685 0.1305910754848197
2 0.5016677011955638 0.7987388778377262 0.3830008986760923 0.11128769642598221
2 0.46724135131939837 0.8473166996723933 0.38496150496239884 0.0863422435038828
2 0.49725849110415066 0.8884326233734992 0.34397263192686933 0.0778206314911742
2 0.4614151904421969 0.9401081716692159 0.454584800247669 0.10629227921769804
2 0.46536417410725867 0.7567326099808186 0.2458262303552928 0.08235239853730256
1 0.6439643631062226 0.803564519882207 0.09389985731976366 0.07189436525911966
1 0.5993817632300571 0.851965063713697 0.08706766046291677 0.05928527110331814
1 0.6216227903183624 0.8937258697200512 0.0774015620344933 0.05287162986961604
1 0.6413210142635144 0.947932128648505 0.08514128742738727 0.051445497564368024
1 0.5505204241072587 0.7582190178536121 0.07591183664159899 0.05440685633066593
3 0.6593879243166556 0.21290829220334145 0.07798375889134021 0.06537162986961631
3 0.6638527923897861 0.14116965989809313 0.09041098428423418 0.06402731818121903