0 0.7609375 0.6921875 0.06015625 0.11953125
0 0.83359375 0.67109375 0.06953125 0.1203125
0 0.97109375 0.48515625 0.0578125 0.1078125
0 0.68046875 0.55859375 0.05390625 0.10234375
0 0.778125 0.32890625 0.05625 0.10234375
0 0.83046875 0.19140625 0.05703125 0.0953125
0 0.775 0.20234375 0.04765625 0.084375
0 0.59140625 0.19609375 0.0484375 0.0796875
0 0.49140625 0.31484375 0.05859375 0.09296875
0 0.51796875 0.115625 0.05703125 0.10390625
0 0.33203125 0.0640625 0.06015625 0.115625
0 0.31953125 0.6515625 0.05546875 0.10546875
0 0.3203125 0.52421875 0.0609375 0.1078125
0 0.24453125 0.3890625 0.06953125 0.0984375
0 0.08046875 0.29375 0.053125 0.0984375
0 0.090625 0.16015625 0.05390625 0.0890625
1 0.196875 0.43125 0.04609375 0.0890625