0 0.04333873780340017 0.748238676947517 0.06991870181924559 0.0933329886359143
0 0.3912903943373755 0.680814992286067 0.07289815260503385 0.09026253571381489
0 0.4767228959900053 0.3406224147693571 0.06977315260503385 0.09020798863591431
0 0.5900363409848254 0.12367246834007953 0.05312930810555194 0.06806025324641088
0 0.733394465263209 0.5710674399298652 0.07616870181924576 0.09344208279171565
0 0.9064447450376013 0.09557433643857305 0.06486732878371626 0.08543866801906326
0 0.19363641418697036 0.35835579098882075 0.05171235731976358 0.07115797970746059
0 0.20335817059711117 0.3342870454530476 0.050004308105551856 0.0680057061685102
0 0.02518187861935516 0.3193500178569075 0.05036375723871032 0.08382162094116259
1 0.04251463834151943 0.849869360794893 0.061451230355292874 0.07913412094116268
1 0.6027696273787555 0.16924406696010777 0.056472631926869354 0.07280230032431154