0 0.20671360831306052 0.08088742739850954 0.09729315651766238 0.0724386022629363
0 0.3048617794650541 0.434571484481906 0.09574883723582168 0.07555451190385672
0 0.6622066468533009 0.49055488153159865 0.09414997579950324 0.06929542154477701
0 0.8947924087571575 0.5872172998549219 0.07063066256778683 0.05509656615858276
0 0.44436165846257003 0.7791214360809123 0.0988920179539809 0.07869769262201594
0 0.9474099112912404 0.9031377365250094 0.08780907220870696 0.05363406010845857
0 0.622234590064492 0.19970716773414804 0.07531816256778665 0.055123837235821635
0 0.6472800418598901 0.20766511347942193 0.07218407220870696 0.05354315651766237
0 0.6470022650271147 0.025638408658961737 0.08775453005422928 0.04425906010845859
1 0.10444712636523726 0.09357325887879457 0.08155907220870699 0.05359769867214013
1 0.8488077430661131 0.6056991342620732 0.07690793364502539 0.05982042759490121