0 0.2791349069131949 0.5577302228511437 0.05014677678548622 0.07541117688202625
0 0.522958295305938 0.6043491907593717 0.04981946846486114 0.061348676882026075
0 0.6073696628971186 0.6093497085538688 0.05160017401194459 0.07078734387822046
0 0.8034822499030909 0.6516830830781677 0.05763196846486096 0.061667011862998146
0 0.7571702943560075 0.6404299066904332 0.04040810087368065 0.05940417490485981
1 0.05969392268076432 0.519129343383929 0.037173998100138925 0.05458934091247088
1 0.18180531202343791 0.5342516190870915 0.029506968464861137 0.06052100593149916
1 0.21227406202343793 0.5354931255128821 0.038772865691319505 0.05621550790866543
1 0.41937870041618097 0.5806159190105418 0.04665810087368065 0.05965884288963732
1 0.6731583170574311 0.6190549723940333 0.03713763050895835 0.053026840912470875
1 0.9663095582237158 0.6723669506823844 0.03888196846486096 0.06090300790866543