0 0.33707730632385474 0.6904550140435889 0.1664627610179167 0.10503404002227175
0 0.3430129561157642 0.40856921471195246 0.15076502583555573 0.10172722668681722
0 0.4007468420399654 0.10385499005408842 0.14135365824437507 0.1000556386855446
0 0.28621417619614603 0.21655389003818004 0.09040810087368065 0.058848836012090365
0 0.31355988582729194 0.31762604137490713 0.09531380642076392 0.06827838001272664
0 0.28026948755399383 0.9678436700349984 0.09153418977951393 0.04011701734563573
1 0.3057077521842015 0.14804933804104356 0.11275587955902786 0.07941587468172658
1 0.30826328172257006 0.7611942280394527 0.14266158510611113 0.08913632001909004
0 0.2343302467689588 0.5041533400302258 0.046112587005972296 0.03490225867281786
0 0.25148399201930605 0.6371294720321348 0.05080008700597229 0.034956802673454135
0 0.27567737290951416 0.26719878003658926 0.06191942496187508 0.04289657200827239
0 0.2663887194147917 0.03590332670272561 0.04284211664125 0.028615896005727004