0 0.109375 0.13828125 0.184375 0.2765625
0 0.30234375 0.1609375 0.1953125 0.25
0 0.49296875 0.17421875 0.18203125 0.20546875
0 0.68984375 0.165625 0.17109375 0.259375
0 0.88359375 0.1546875 0.1890625 0.2203125
0 0.8859375 0.45703125 0.1890625 0.1515625
0 0.69140625 0.4390625 0.1734375 0.24140625
0 0.49921875 0.45 0.17109375 0.2265625
0 0.30703125 0.46640625 0.16875 0.24140625
0 0.10859375 0.45859375 0.178125 0.2625
0 0.10703125 0.7625 0.1640625 0.2203125
0 0.3125 0.7578125 0.17578125 0.2234375
0 0.4953125 0.75234375 0.178125 0.19375
0 0.6875 0.76875 0.19296875 0.11953125
0 0.88359375 0.75625 0.19765625 0.11953125