0 0.6670673076923077 0.22235576923076922 0.05108173076923077 0.15144230769230768
0 0.45552884615384615 0.2439903846153846 0.04026442307692308 0.11778846153846154
0 0.2608173076923077 0.22355769230769232 0.049879807692307696 0.11899038461538461
0 0.11538461538461539 0.2512019230769231 0.033052884615384616 0.1171875
0 0.8461538461538461 0.29086538461538464 0.038461538461538464 0.07752403846153846
0 0.7524038461538461 0.3016826923076923 0.038461538461538464 0.08473557692307693
0 0.6129807692307693 0.2620192307692308 0.03786057692307692 0.08233173076923077
0 0.5192307692307693 0.31009615384615385 0.048677884615384616 0.10036057692307693
0 0.32572115384615385 0.28846153846153844 0.03064903846153846 0.08713942307692307
0 0.3581730769230769 0.28125 0.03786057692307692 0.09615384615384616
0 0.2932692307692308 0.27524038461538464 0.030048076923076924 0.0751201923076923