0 0.18028846153846154 0.33653846153846156 0.07091346153846154 0.12079326923076923
0 0.47596153846153844 0.41346153846153844 0.09615384615384616 0.19651442307692307
0 0.7295673076923077 0.3016826923076923 0.045072115384615384 0.09134615384615384
0 0.8461538461538461 0.2704326923076923 0.033052884615384616 0.04567307692307692
0 0.6177884615384616 0.2824519230769231 0.04266826923076923 0.07692307692307693
0 0.28966346153846156 0.2776442307692308 0.045072115384615384 0.07932692307692307
0 0.3894230769230769 0.2644230769230769 0.037259615384615384 0.07271634615384616
0 0.08052884615384616 0.23798076923076922 0.038461538461538464 0.0673076923076923
0 0.13341346153846154 0.24759615384615385 0.03064903846153846 0.07151442307692307
0 0.6766826923076923 0.27163461538461536 0.03064903846153846 0.054086538461538464
0 0.5492788461538461 0.3293269230769231 0.060697115384615384 0.11057692307692307